ankle 	0
batchtrials 	5
canvascenterx 	635
canvascentery 	483
canvash 	1024
canvasw 	1280
catchtrialsper 	0
centerhome 	4
crobhome 	/home/alaa/crob
cur_ed_cm 	53.8289703417
cur_tar_ed_cm 	39.3857086778
curlgain 	0
curlgainsd 	0
curlposngain 	0
curlposngainsd 	0
curlposntrials 	1 2
curltrials 	1 300
cursor 	7
cursor_rad_cm 	0.4
cursor_rad_cm 	0.4
cursor_x 	635
cursor_y 	483
cursorfdbk 	x_y
curx_px 	1922.5
cury_px 	488.5
dampconst 	0
deadzone 	0
distributionmean 	0
distributionstd 	0
divgain 	0
divtrials 	
experimentername 	Gary
extrarz 	0
failforcesoff 	0.15
failval 	0.15
fieldcurl 	1
fieldcurlposn 	0
fielddiv 	0
fieldjump 	0
fieldvrot 	0
fileid 	OSA_3
folderpath 	/home/alaa/DATA/Gary
fontpref 	 Arial 11 
foundparamfile 	/home/alaa/crob/examples/Gary/massarm/for_both/param_massarm_pref.tcl
ftwx 	1.173451
ftwy 	-5.592031
ftwz 	-21.040183
fx_pre 	-755.29
fy_pre 	0.09139185
fz_pre 	-224.62379809
gforce 	-108.239377
home 	/home/alaa
home 	2
home_boty 	520
home_leftx 	609
home_rad_cm 	1.1
home_rad_cm 	1.1
home_rightx 	661
home_topy 	446
home_x_cm 	0
home_x_cm_cob 	0
home_x_px 	635
home_y_cm 	0
home_y_cm_cob 	0
home_y_px 	483
homepath 	/home/alaa/crob/examples/Gary/massarm/for_both
input 	robot
inputcop 	0
inputmouse 	0
inputrobot 	1
jumpangles 	
jumpcortime 	0
jumpdistances 	
jumpring 	3
jumptime 	0
jumptrials 	
jumptrigdists 	0
kd 	.05
last_rshm_failed 	no
last_start_log_time 	-384358618
lgmenu 	.loadgraphicsmenu
linear 	0
lmenu 	.loadgamemenu
maxmvttime 	10000
menu 	.gamemenu
messagetext1 	9
messagetext2 	10
messagetext3 	11
minmvttime 	1
movingbackforces 	none
movingoutstatecounter 	0
mvtoutback 	0
mvtoutonly 	0
mx_pre 	-102.900613788
my_pre 	-106.870868988
mz_pre 	-85.478422512
ncatchtrials 	0
ncurltrials 	300
ndivtrials 	0
njumptrials 	0
nnulltrials 	100
nvrottrials 	0
overlapping 	7
parametersource 	/home/alaa/crob/examples/Gary/massarm/for_both/param_massarm_pref.tcl
past_x 	0.538607
past_y 	-0.001550
planar 	0
planarhand 	0
planarwrist 	0
prevtriallistloaded_txt 	TrialList Loaded? N/A
prevtriallistsource 	/home/alaa/DATA/loghead*.tcl
requiredtimeinhome 	500
requiredtimeintarget 	500
restct 	0
resttrials 	1000
robot 	1
safetydist 	15
savepath 	/home/alaa/DATA
savetcloff 	1
savetclon 	0
scaling 	1
scaling_cob 	1
screenscale_x 	2392
screenscale_y 	3357
shm 	file8
showing 	1
showscore 	8
soundoff 	0
soundon 	1
startsavestate 	home
stopsavestate 	intertrial
switchtarhome 	1
target 	1
target_rad_cm 	1.4
target_rad_cm 	1.4
target_rad_px 	33.488
target_x_cm 	20
target_x_px 	635
target_y_cm 	20
target_y_px 	483
targetangles 	45 135 225 315
targetdistances 	10 10 10 10
testdate 	09172018
totalscore 	0
totaltrials 	400
totaltrialsval 	400
trainingdot 	0
trainingdoton 	0
trialcounter 	1
trialcounter_good 	1
trialdist 	1000
trialscore 	0
trialtimelimit 	1
trialtypename 	null
trialtypenum 	6
viapt 	5
viapt_rad_cm 	0.1
viapt_ring 	6
viapt_x_cm 	-0
viapt_x_px 	635.0
viapt_y_cm 	0
viapt_y_px 	483.0
vrotangles 	
vrottrials 	
win_center_x 	640
win_center_y 	512
winh 	1024
winw 	1280
wrist 	0
x_px 	1922.582504
y_px 	488.727042

TRIALLIST
trialnumber	batch	batchtrial	targetdistance	targetangle	target_x_cm	target_y_cm	target_x_px	target_y_px	fieldtype	trialtypename	trialtypenum	imtfieldtype	curlgain	dampconst	stiffconst	jumpdistance	jumpangle	jumptrigdist_frac	jumptarget_x_cm	jumptarget_y_cm	jumptarget_x_px	jumptarget_y_px	deadzone
1	1	1	10	45	7.07107	7.07106	804.14	245.624	moveboxon	curl	3	3	0	0	0	0	0	0	0	0	0	0	0
2	1	2	10	315	0	0	635	483	moveboxon	curl	3	3	0	0	0	0	0	0	0	0	0	0	0
3	1	3	10	315	7.07103	-7.0711	804.139	720.377	moveboxon	curl	3	3	0	0	0	0	0	0	0	0	0	0	0
4	1	4	10	45	0	0	635	483	moveboxon	curl	3	3	0	0	0	0	0	0	0	0	0	0	0
5	1	5	10	315	7.07103	-7.0711	804.139	720.377	moveboxon	curl	3	3	0	0	0	0	0	0	0	0	0	0	0
6	1	6	10	135	0	0	635	483	moveboxon	curl	3	3	0	0	0	0	0	0	0	0	0	0	0
7	1	7	10	225	-7.07109	-7.07104	465.859	720.375	moveboxon	curl	3	3	0	0	0	0	0	0	0	0	0	0	0
8	1	8	10	45	0	0	635	483	moveboxon	curl	3	3	0	0	0	0	0	0	0	0	0	0	0
9	1	9	10	45	7.07107	7.07106	804.14	245.624	moveboxon	curl	3	3	0	0	0	0	0	0	0	0	0	0	0
10	1	10	10	135	0	0	635	483	moveboxon	curl	3	3	0	0	0	0	0	0	0	0	0	0	0
11	1	11	10	315	7.07103	-7.0711	804.139	720.377	moveboxon	curl	3	3	0	0	0	0	0	0	0	0	0	0	0
12	1	12	10	315	0	0	635	483	moveboxon	curl	3	3	0	0	0	0	0	0	0	0	0	0	0
13	1	13	10	135	-7.07105	7.07108	465.86	245.624	moveboxon	curl	3	3	0	0	0	0	0	0	0	0	0	0	0
14	1	14	10	45	0	0	635	483	moveboxon	curl	3	3	0	0	0	0	0	0	0	0	0	0	0
15	1	15	10	225	-7.07109	-7.07104	465.859	720.375	moveboxon	curl	3	3	0	0	0	0	0	0	0	0	0	0	0
16	1	16	10	135	0	0	635	483	moveboxon	curl	3	3	0	0	0	0	0	0	0	0	0	0	0
17	1	17	10	135	-7.07105	7.07108	465.86	245.624	moveboxon	curl	3	3	0	0	0	0	0	0	0	0	0	0	0
18	1	18	10	225	0	0	635	483	moveboxon	curl	3	3	0	0	0	0	0	0	0	0	0	0	0
19	1	19	10	225	-7.07109	-7.07104	465.859	720.375	moveboxon	curl	3	3	0	0	0	0	0	0	0	0	0	0	0
20	1	20	10	225	0	0	635	483	moveboxon	curl	3	3	0	0	0	0	0	0	0	0	0	0	0
21	2	1	10	45	7.07107	7.07106	804.14	245.624	moveboxon	curl	3	3	0	0	0	0	0	0	0	0	0	0	0
22	2	2	10	225	0	0	635	483	moveboxon	curl	3	3	0	0	0	0	0	0	0	0	0	0	0
23	2	3	10	135	-7.07105	7.07108	465.86	245.624	moveboxon	curl	3	3	0	0	0	0	0	0	0	0	0	0	0
24	2	4	10	225	0	0	635	483	moveboxon	curl	3	3	0	0	0	0	0	0	0	0	0	0	0
25	2	5	10	315	7.07103	-7.0711	804.139	720.377	moveboxon	curl	3	3	0	0	0	0	0	0	0	0	0	0	0
26	2	6	10	45	0	0	635	483	moveboxon	curl	3	3	0	0	0	0	0	0	0	0	0	0	0
27	2	7	10	135	-7.07105	7.07108	465.86	245.624	moveboxon	curl	3	3	0	0	0	0	0	0	0	0	0	0	0
28	2	8	10	45	0	0	635	483	moveboxon	curl	3	3	0	0	0	0	0	0	0	0	0	0	0
29	2	9	10	45	7.07107	7.07106	804.14	245.624	moveboxon	curl	3	3	0	0	0	0	0	0	0	0	0	0	0
30	2	10	10	315	0	0	635	483	moveboxon	curl	3	3	0	0	0	0	0	0	0	0	0	0	0
31	2	11	10	225	-7.07109	-7.07104	465.859	720.375	moveboxon	curl	3	3	0	0	0	0	0	0	0	0	0	0	0
32	2	12	10	315	0	0	635	483	moveboxon	curl	3	3	0	0	0	0	0	0	0	0	0	0	0
33	2	13	10	315	7.07103	-7.0711	804.139	720.377	moveboxon	curl	3	3	0	0	0	0	0	0	0	0	0	0	0
34	2	14	10	225	0	0	635	483	moveboxon	curl	3	3	0	0	0	0	0	0	0	0	0	0	0
35	2	15	10	45	7.07107	7.07106	804.14	245.624	moveboxon	curl	3	3	0	0	0	0	0	0	0	0	0	0	0
36	2	16	10	135	0	0	635	483	moveboxon	curl	3	3	0	0	0	0	0	0	0	0	0	0	0
37	2	17	10	135	-7.07105	7.07108	465.86	245.624	moveboxon	curl	3	3	0	0	0	0	0	0	0	0	0	0	0
38	2	18	10	135	0	0	635	483	moveboxon	curl	3	3	0	0	0	0	0	0	0	0	0	0	0
39	2	19	10	225	-7.07109	-7.07104	465.859	720.375	moveboxon	curl	3	3	0	0	0	0	0	0	0	0	0	0	0
40	2	20	10	315	0	0	635	483	moveboxon	curl	3	3	0	0	0	0	0	0	0	0	0	0	0
41	3	1	10	315	7.07103	-7.0711	804.139	720.377	moveboxon	curl	3	3	0	0	0	0	0	0	0	0	0	0	0
42	3	2	10	315	0	0	635	483	moveboxon	curl	3	3	0	0	0	0	0	0	0	0	0	0	0
43	3	3	10	225	-7.07109	-7.07104	465.859	720.375	moveboxon	curl	3	3	0	0	0	0	0	0	0	0	0	0	0
44	3	4	10	225	0	0	635	483	moveboxon	curl	3	3	0	0	0	0	0	0	0	0	0	0	0
45	3	5	10	225	-7.07109	-7.07104	465.859	720.375	moveboxon	curl	3	3	0	0	0	0	0	0	0	0	0	0	0
46	3	6	10	45	0	0	635	483	moveboxon	curl	3	3	0	0	0	0	0	0	0	0	0	0	0
47	3	7	10	45	7.07107	7.07106	804.14	245.624	moveboxon	curl	3	3	0	0	0	0	0	0	0	0	0	0	0
48	3	8	10	225	0	0	635	483	moveboxon	curl	3	3	0	0	0	0	0	0	0	0	0	0	0
49	3	9	10	135	-7.07105	7.07108	465.86	245.624	moveboxon	curl	3	3	0	0	0	0	0	0	0	0	0	0	0
50	3	10	10	135	0	0	635	483	moveboxon	curl	3	3	0	0	0	0	0	0	0	0	0	0	0
51	3	11	10	45	7.07107	7.07106	804.14	245.624	moveboxon	curl	3	3	0	0	0	0	0	0	0	0	0	0	0
52	3	12	10	315	0	0	635	483	moveboxon	curl	3	3	0	0	0	0	0	0	0	0	0	0	0
53	3	13	10	315	7.07103	-7.0711	804.139	720.377	moveboxon	curl	3	3	0	0	0	0	0	0	0	0	0	0	0
54	3	14	10	225	0	0	635	483	moveboxon	curl	3	3	0	0	0	0	0	0	0	0	0	0	0
55	3	15	10	135	-7.07105	7.07108	465.86	245.624	moveboxon	curl	3	3	0	0	0	0	0	0	0	0	0	0	0
56	3	16	10	135	0	0	635	483	moveboxon	curl	3	3	0	0	0	0	0	0	0	0	0	0	0
57	3	17	10	315	7.07103	-7.0711	804.139	720.377	moveboxon	curl	3	3	0	0	0	0	0	0	0	0	0	0	0
58	3	18	10	45	0	0	635	483	moveboxon	curl	3	3	0	0	0	0	0	0	0	0	0	0	0
59	3	19	10	45	7.07107	7.07106	804.14	245.624	moveboxon	curl	3	3	0	0	0	0	0	0	0	0	0	0	0
60	3	20	10	135	0	0	635	483	moveboxon	curl	3	3	0	0	0	0	0	0	0	0	0	0	0
61	4	1	10	225	-7.07109	-7.07104	465.859	720.375	moveboxon	curl	3	3	0	0	0	0	0	0	0	0	0	0	0
62	4	2	10	315	0	0	635	483	moveboxon	curl	3	3	0	0	0	0	0	0	0	0	0	0	0
63	4	3	10	135	-7.07105	7.07108	465.86	245.624	moveboxon	curl	3	3	0	0	0	0	0	0	0	0	0	0	0
64	4	4	10	135	0	0	635	483	moveboxon	curl	3	3	0	0	0	0	0	0	0	0	0	0	0
65	4	5	10	135	-7.07105	7.07108	465.86	245.624	moveboxon	curl	3	3	0	0	0	0	0	0	0	0	0	0	0
66	4	6	10	225	0	0	635	483	moveboxon	curl	3	3	0	0	0	0	0	0	0	0	0	0	0
67	4	7	10	45	7.07107	7.07106	804.14	245.624	moveboxon	curl	3	3	0	0	0	0	0	0	0	0	0	0	0
68	4	8	10	135	0	0	635	483	moveboxon	curl	3	3	0	0	0	0	0	0	0	0	0	0	0
69	4	9	10	45	7.07107	7.07106	804.14	245.624	moveboxon	curl	3	3	0	0	0	0	0	0	0	0	0	0	0
70	4	10	10	315	0	0	635	483	moveboxon	curl	3	3	0	0	0	0	0	0	0	0	0	0	0
71	4	11	10	225	-7.07109	-7.07104	465.859	720.375	moveboxon	curl	3	3	0	0	0	0	0	0	0	0	0	0	0
72	4	12	10	45	0	0	635	483	moveboxon	curl	3	3	0	0	0	0	0	0	0	0	0	0	0
73	4	13	10	225	-7.07109	-7.07104	465.859	720.375	moveboxon	curl	3	3	0	0	0	0	0	0	0	0	0	0	0
74	4	14	10	315	0	0	635	483	moveboxon	curl	3	3	0	0	0	0	0	0	0	0	0	0	0
75	4	15	10	135	-7.07105	7.07108	465.86	245.624	moveboxon	curl	3	3	0	0	0	0	0	0	0	0	0	0	0
76	4	16	10	225	0	0	635	483	moveboxon	curl	3	3	0	0	0	0	0	0	0	0	0	0	0
77	4	17	10	45	7.07107	7.07106	804.14	245.624	moveboxon	curl	3	3	0	0	0	0	0	0	0	0	0	0	0
78	4	18	10	315	0	0	635	483	moveboxon	curl	3	3	0	0	0	0	0	0	0	0	0	0	0
79	4	19	10	315	7.07103	-7.0711	804.139	720.377	moveboxon	curl	3	3	0	0	0	0	0	0	0	0	0	0	0
80	4	20	10	45	0	0	635	483	moveboxon	curl	3	3	0	0	0	0	0	0	0	0	0	0	0
81	5	1	10	315	7.07103	-7.0711	804.139	720.377	moveboxon	curl	3	3	0	0	0	0	0	0	0	0	0	0	0
82	5	2	10	225	0	0	635	483	moveboxon	curl	3	3	0	0	0	0	0	0	0	0	0	0	0
83	5	3	10	225	-7.07109	-7.07104	465.859	720.375	moveboxon	curl	3	3	0	0	0	0	0	0	0	0	0	0	0
84	5	4	10	315	0	0	635	483	moveboxon	curl	3	3	0	0	0	0	0	0	0	0	0	0	0
85	5	5	10	225	-7.07109	-7.07104	465.859	720.375	moveboxon	curl	3	3	0	0	0	0	0	0	0	0	0	0	0
86	5	6	10	315	0	0	635	483	moveboxon	curl	3	3	0	0	0	0	0	0	0	0	0	0	0
87	5	7	10	225	-7.07109	-7.07104	465.859	720.375	moveboxon	curl	3	3	0	0	0	0	0	0	0	0	0	0	0
88	5	8	10	135	0	0	635	483	moveboxon	curl	3	3	0	0	0	0	0	0	0	0	0	0	0
89	5	9	10	45	7.07107	7.07106	804.14	245.624	moveboxon	curl	3	3	0	0	0	0	0	0	0	0	0	0	0
90	5	10	10	135	0	0	635	483	moveboxon	curl	3	3	0	0	0	0	0	0	0	0	0	0	0
91	5	11	10	135	-7.07105	7.07108	465.86	245.624	moveboxon	curl	3	3	0	0	0	0	0	0	0	0	0	0	0
92	5	12	10	45	0	0	635	483	moveboxon	curl	3	3	0	0	0	0	0	0	0	0	0	0	0
93	5	13	10	135	-7.07105	7.07108	465.86	245.624	moveboxon	curl	3	3	0	0	0	0	0	0	0	0	0	0	0
94	5	14	10	225	0	0	635	483	moveboxon	curl	3	3	0	0	0	0	0	0	0	0	0	0	0
95	5	15	10	315	7.07103	-7.0711	804.139	720.377	moveboxon	curl	3	3	0	0	0	0	0	0	0	0	0	0	0
96	5	16	10	315	0	0	635	483	moveboxon	curl	3	3	0	0	0	0	0	0	0	0	0	0	0
97	5	17	10	45	7.07107	7.07106	804.14	245.624	moveboxon	curl	3	3	0	0	0	0	0	0	0	0	0	0	0
98	5	18	10	135	0	0	635	483	moveboxon	curl	3	3	0	0	0	0	0	0	0	0	0	0	0
99	5	19	10	45	7.07107	7.07106	804.14	245.624	moveboxon	curl	3	3	0	0	0	0	0	0	0	0	0	0	0
100	5	20	10	45	0	0	635	483	moveboxon	curl	3	3	0	0	0	0	0	0	0	0	0	0	0
101	6	1	10	45	7.07107	7.07106	804.14	245.624	moveboxon	curl	3	3	0	0	0	0	0	0	0	0	0	0	0
102	6	2	10	135	0	0	635	483	moveboxon	curl	3	3	0	0	0	0	0	0	0	0	0	0	0
103	6	3	10	225	-7.07109	-7.07104	465.859	720.375	moveboxon	curl	3	3	0	0	0	0	0	0	0	0	0	0	0
104	6	4	10	315	0	0	635	483	moveboxon	curl	3	3	0	0	0	0	0	0	0	0	0	0	0
105	6	5	10	135	-7.07105	7.07108	465.86	245.624	moveboxon	curl	3	3	0	0	0	0	0	0	0	0	0	0	0
106	6	6	10	45	0	0	635	483	moveboxon	curl	3	3	0	0	0	0	0	0	0	0	0	0	0
107	6	7	10	45	7.07107	7.07106	804.14	245.624	moveboxon	curl	3	3	0	0	0	0	0	0	0	0	0	0	0
108	6	8	10	45	0	0	635	483	moveboxon	curl	3	3	0	0	0	0	0	0	0	0	0	0	0
109	6	9	10	225	-7.07109	-7.07104	465.859	720.375	moveboxon	curl	3	3	0	0	0	0	0	0	0	0	0	0	0
110	6	10	10	135	0	0	635	483	moveboxon	curl	3	3	0	0	0	0	0	0	0	0	0	0	0
111	6	11	10	315	7.07103	-7.0711	804.139	720.377	moveboxon	curl	3	3	0	0	0	0	0	0	0	0	0	0	0
112	6	12	10	315	0	0	635	483	moveboxon	curl	3	3	0	0	0	0	0	0	0	0	0	0	0
113	6	13	10	225	-7.07109	-7.07104	465.859	720.375	moveboxon	curl	3	3	0	0	0	0	0	0	0	0	0	0	0
114	6	14	10	315	0	0	635	483	moveboxon	curl	3	3	0	0	0	0	0	0	0	0	0	0	0
115	6	15	10	45	7.07107	7.07106	804.14	245.624	moveboxon	curl	3	3	0	0	0	0	0	0	0	0	0	0	0
116	6	16	10	225	0	0	635	483	moveboxon	curl	3	3	0	0	0	0	0	0	0	0	0	0	0
117	6	17	10	135	-7.07105	7.07108	465.86	245.624	moveboxon	curl	3	3	0	0	0	0	0	0	0	0	0	0	0
118	6	18	10	315	0	0	635	483	moveboxon	curl	3	3	0	0	0	0	0	0	0	0	0	0	0
119	6	19	10	225	-7.07109	-7.07104	465.859	720.375	moveboxon	curl	3	3	0	0	0	0	0	0	0	0	0	0	0
120	6	20	10	135	0	0	635	483	moveboxon	curl	3	3	0	0	0	0	0	0	0	0	0	0	0
121	7	1	10	135	-7.07105	7.07108	465.86	245.624	moveboxon	curl	3	3	0	0	0	0	0	0	0	0	0	0	0
122	7	2	10	225	0	0	635	483	moveboxon	curl	3	3	0	0	0	0	0	0	0	0	0	0	0
123	7	3	10	315	7.07103	-7.0711	804.139	720.377	moveboxon	curl	3	3	0	0	0	0	0	0	0	0	0	0	0
124	7	4	10	135	0	0	635	483	moveboxon	curl	3	3	0	0	0	0	0	0	0	0	0	0	0
125	7	5	10	45	7.07107	7.07106	804.14	245.624	moveboxon	curl	3	3	0	0	0	0	0	0	0	0	0	0	0
126	7	6	10	225	0	0	635	483	moveboxon	curl	3	3	0	0	0	0	0	0	0	0	0	0	0
127	7	7	10	315	7.07103	-7.0711	804.139	720.377	moveboxon	curl	3	3	0	0	0	0	0	0	0	0	0	0	0
128	7	8	10	315	0	0	635	483	moveboxon	curl	3	3	0	0	0	0	0	0	0	0	0	0	0
129	7	9	10	135	-7.07105	7.07108	465.86	245.624	moveboxon	curl	3	3	0	0	0	0	0	0	0	0	0	0	0
130	7	10	10	45	0	0	635	483	moveboxon	curl	3	3	0	0	0	0	0	0	0	0	0	0	0
131	7	11	10	225	-7.07109	-7.07104	465.859	720.375	moveboxon	curl	3	3	0	0	0	0	0	0	0	0	0	0	0
132	7	12	10	45	0	0	635	483	moveboxon	curl	3	3	0	0	0	0	0	0	0	0	0	0	0
133	7	13	10	315	7.07103	-7.0711	804.139	720.377	moveboxon	curl	3	3	0	0	0	0	0	0	0	0	0	0	0
134	7	14	10	45	0	0	635	483	moveboxon	curl	3	3	0	0	0	0	0	0	0	0	0	0	0
135	7	15	10	225	-7.07109	-7.07104	465.859	720.375	moveboxon	curl	3	3	0	0	0	0	0	0	0	0	0	0	0
136	7	16	10	135	0	0	635	483	moveboxon	curl	3	3	0	0	0	0	0	0	0	0	0	0	0
137	7	17	10	135	-7.07105	7.07108	465.86	245.624	moveboxon	curl	3	3	0	0	0	0	0	0	0	0	0	0	0
138	7	18	10	225	0	0	635	483	moveboxon	curl	3	3	0	0	0	0	0	0	0	0	0	0	0
139	7	19	10	45	7.07107	7.07106	804.14	245.624	moveboxon	curl	3	3	0	0	0	0	0	0	0	0	0	0	0
140	7	20	10	315	0	0	635	483	moveboxon	curl	3	3	0	0	0	0	0	0	0	0	0	0	0
141	8	1	10	135	-7.07105	7.07108	465.86	245.624	moveboxon	curl	3	3	0	0	0	0	0	0	0	0	0	0	0
142	8	2	10	135	0	0	635	483	moveboxon	curl	3	3	0	0	0	0	0	0	0	0	0	0	0
143	8	3	10	225	-7.07109	-7.07104	465.859	720.375	moveboxon	curl	3	3	0	0	0	0	0	0	0	0	0	0	0
144	8	4	10	45	0	0	635	483	moveboxon	curl	3	3	0	0	0	0	0	0	0	0	0	0	0
145	8	5	10	225	-7.07109	-7.07104	465.859	720.375	moveboxon	curl	3	3	0	0	0	0	0	0	0	0	0	0	0
146	8	6	10	315	0	0	635	483	moveboxon	curl	3	3	0	0	0	0	0	0	0	0	0	0	0
147	8	7	10	135	-7.07105	7.07108	465.86	245.624	moveboxon	curl	3	3	0	0	0	0	0	0	0	0	0	0	0
148	8	8	10	45	0	0	635	483	moveboxon	curl	3	3	0	0	0	0	0	0	0	0	0	0	0
149	8	9	10	135	-7.07105	7.07108	465.86	245.624	moveboxon	curl	3	3	0	0	0	0	0	0	0	0	0	0	0
150	8	10	10	225	0	0	635	483	moveboxon	curl	3	3	0	0	0	0	0	0	0	0	0	0	0
151	8	11	10	315	7.07103	-7.0711	804.139	720.377	moveboxon	curl	3	3	0	0	0	0	0	0	0	0	0	0	0
152	8	12	10	45	0	0	635	483	moveboxon	curl	3	3	0	0	0	0	0	0	0	0	0	0	0
153	8	13	10	225	-7.07109	-7.07104	465.859	720.375	moveboxon	curl	3	3	0	0	0	0	0	0	0	0	0	0	0
154	8	14	10	315	0	0	635	483	moveboxon	curl	3	3	0	0	0	0	0	0	0	0	0	0	0
155	8	15	10	135	-7.07105	7.07108	465.86	245.624	moveboxon	curl	3	3	0	0	0	0	0	0	0	0	0	0	0
156	8	16	10	225	0	0	635	483	moveboxon	curl	3	3	0	0	0	0	0	0	0	0	0	0	0
157	8	17	10	315	7.07103	-7.0711	804.139	720.377	moveboxon	curl	3	3	0	0	0	0	0	0	0	0	0	0	0
158	8	18	10	45	0	0	635	483	moveboxon	curl	3	3	0	0	0	0	0	0	0	0	0	0	0
159	8	19	10	45	7.07107	7.07106	804.14	245.624	moveboxon	curl	3	3	0	0	0	0	0	0	0	0	0	0	0
160	8	20	10	315	0	0	635	483	moveboxon	curl	3	3	0	0	0	0	0	0	0	0	0	0	0
161	9	1	10	225	-7.07109	-7.07104	465.859	720.375	moveboxon	curl	3	3	0	0	0	0	0	0	0	0	0	0	0
162	9	2	10	225	0	0	635	483	moveboxon	curl	3	3	0	0	0	0	0	0	0	0	0	0	0
163	9	3	10	135	-7.07105	7.07108	465.86	245.624	moveboxon	curl	3	3	0	0	0	0	0	0	0	0	0	0	0
164	9	4	10	45	0	0	635	483	moveboxon	curl	3	3	0	0	0	0	0	0	0	0	0	0	0
165	9	5	10	315	7.07103	-7.0711	804.139	720.377	moveboxon	curl	3	3	0	0	0	0	0	0	0	0	0	0	0
166	9	6	10	135	0	0	635	483	moveboxon	curl	3	3	0	0	0	0	0	0	0	0	0	0	0
167	9	7	10	45	7.07107	7.07106	804.14	245.624	moveboxon	curl	3	3	0	0	0	0	0	0	0	0	0	0	0
168	9	8	10	135	0	0	635	483	moveboxon	curl	3	3	0	0	0	0	0	0	0	0	0	0	0
169	9	9	10	225	-7.07109	-7.07104	465.859	720.375	moveboxon	curl	3	3	0	0	0	0	0	0	0	0	0	0	0
170	9	10	10	45	0	0	635	483	moveboxon	curl	3	3	0	0	0	0	0	0	0	0	0	0	0
171	9	11	10	45	7.07107	7.07106	804.14	245.624	moveboxon	curl	3	3	0	0	0	0	0	0	0	0	0	0	0
172	9	12	10	315	0	0	635	483	moveboxon	curl	3	3	0	0	0	0	0	0	0	0	0	0	0
173	9	13	10	225	-7.07109	-7.07104	465.859	720.375	moveboxon	curl	3	3	0	0	0	0	0	0	0	0	0	0	0
174	9	14	10	135	0	0	635	483	moveboxon	curl	3	3	0	0	0	0	0	0	0	0	0	0	0
175	9	15	10	135	-7.07105	7.07108	465.86	245.624	moveboxon	curl	3	3	0	0	0	0	0	0	0	0	0	0	0
176	9	16	10	225	0	0	635	483	moveboxon	curl	3	3	0	0	0	0	0	0	0	0	0	0	0
177	9	17	10	45	7.07107	7.07106	804.14	245.624	moveboxon	curl	3	3	0	0	0	0	0	0	0	0	0	0	0
178	9	18	10	315	0	0	635	483	moveboxon	curl	3	3	0	0	0	0	0	0	0	0	0	0	0
179	9	19	10	315	7.07103	-7.0711	804.139	720.377	moveboxon	curl	3	3	0	0	0	0	0	0	0	0	0	0	0
180	9	20	10	315	0	0	635	483	moveboxon	curl	3	3	0	0	0	0	0	0	0	0	0	0	0
181	10	1	10	315	7.07103	-7.0711	804.139	720.377	moveboxon	curl	3	3	0	0	0	0	0	0	0	0	0	0	0
182	10	2	10	225	0	0	635	483	moveboxon	curl	3	3	0	0	0	0	0	0	0	0	0	0	0
183	10	3	10	315	7.07103	-7.0711	804.139	720.377	moveboxon	curl	3	3	0	0	0	0	0	0	0	0	0	0	0
184	10	4	10	225	0	0	635	483	moveboxon	curl	3	3	0	0	0	0	0	0	0	0	0	0	0
185	10	5	10	315	7.07103	-7.0711	804.139	720.377	moveboxon	curl	3	3	0	0	0	0	0	0	0	0	0	0	0
186	10	6	10	135	0	0	635	483	moveboxon	curl	3	3	0	0	0	0	0	0	0	0	0	0	0
187	10	7	10	135	-7.07105	7.07108	465.86	245.624	moveboxon	curl	3	3	0	0	0	0	0	0	0	0	0	0	0
188	10	8	10	45	0	0	635	483	moveboxon	curl	3	3	0	0	0	0	0	0	0	0	0	0	0
189	10	9	10	225	-7.07109	-7.07104	465.859	720.375	moveboxon	curl	3	3	0	0	0	0	0	0	0	0	0	0	0
190	10	10	10	45	0	0	635	483	moveboxon	curl	3	3	0	0	0	0	0	0	0	0	0	0	0
191	10	11	10	225	-7.07109	-7.07104	465.859	720.375	moveboxon	curl	3	3	0	0	0	0	0	0	0	0	0	0	0
192	10	12	10	315	0	0	635	483	moveboxon	curl	3	3	0	0	0	0	0	0	0	0	0	0	0
193	10	13	10	45	7.07107	7.07106	804.14	245.624	moveboxon	curl	3	3	0	0	0	0	0	0	0	0	0	0	0
194	10	14	10	45	0	0	635	483	moveboxon	curl	3	3	0	0	0	0	0	0	0	0	0	0	0
195	10	15	10	135	-7.07105	7.07108	465.86	245.624	moveboxon	curl	3	3	0	0	0	0	0	0	0	0	0	0	0
196	10	16	10	225	0	0	635	483	moveboxon	curl	3	3	0	0	0	0	0	0	0	0	0	0	0
197	10	17	10	135	-7.07105	7.07108	465.86	245.624	moveboxon	curl	3	3	0	0	0	0	0	0	0	0	0	0	0
198	10	18	10	45	0	0	635	483	moveboxon	curl	3	3	0	0	0	0	0	0	0	0	0	0	0
199	10	19	10	135	-7.07105	7.07108	465.86	245.624	moveboxon	curl	3	3	0	0	0	0	0	0	0	0	0	0	0
200	10	20	10	315	0	0	635	483	moveboxon	curl	3	3	0	0	0	0	0	0	0	0	0	0	0
201	11	1	10	135	-7.07105	7.07108	465.86	245.624	moveboxon	curl	3	3	0	0	0	0	0	0	0	0	0	0	0
202	11	2	10	315	0	0	635	483	moveboxon	curl	3	3	0	0	0	0	0	0	0	0	0	0	0
203	11	3	10	225	-7.07109	-7.07104	465.859	720.375	moveboxon	curl	3	3	0	0	0	0	0	0	0	0	0	0	0
204	11	4	10	45	0	0	635	483	moveboxon	curl	3	3	0	0	0	0	0	0	0	0	0	0	0
205	11	5	10	45	7.07107	7.07106	804.14	245.624	moveboxon	curl	3	3	0	0	0	0	0	0	0	0	0	0	0
206	11	6	10	315	0	0	635	483	moveboxon	curl	3	3	0	0	0	0	0	0	0	0	0	0	0
207	11	7	10	315	7.07103	-7.0711	804.139	720.377	moveboxon	curl	3	3	0	0	0	0	0	0	0	0	0	0	0
208	11	8	10	135	0	0	635	483	moveboxon	curl	3	3	0	0	0	0	0	0	0	0	0	0	0
209	11	9	10	225	-7.07109	-7.07104	465.859	720.375	moveboxon	curl	3	3	0	0	0	0	0	0	0	0	0	0	0
210	11	10	10	135	0	0	635	483	moveboxon	curl	3	3	0	0	0	0	0	0	0	0	0	0	0
211	11	11	10	225	-7.07109	-7.07104	465.859	720.375	moveboxon	curl	3	3	0	0	0	0	0	0	0	0	0	0	0
212	11	12	10	45	0	0	635	483	moveboxon	curl	3	3	0	0	0	0	0	0	0	0	0	0	0
213	11	13	10	225	-7.07109	-7.07104	465.859	720.375	moveboxon	curl	3	3	0	0	0	0	0	0	0	0	0	0	0
214	11	14	10	45	0	0	635	483	moveboxon	curl	3	3	0	0	0	0	0	0	0	0	0	0	0
215	11	15	10	135	-7.07105	7.07108	465.86	245.624	moveboxon	curl	3	3	0	0	0	0	0	0	0	0	0	0	0
216	11	16	10	315	0	0	635	483	moveboxon	curl	3	3	0	0	0	0	0	0	0	0	0	0	0
217	11	17	10	135	-7.07105	7.07108	465.86	245.624	moveboxon	curl	3	3	0	0	0	0	0	0	0	0	0	0	0
218	11	18	10	315	0	0	635	483	moveboxon	curl	3	3	0	0	0	0	0	0	0	0	0	0	0
219	11	19	10	225	-7.07109	-7.07104	465.859	720.375	moveboxon	curl	3	3	0	0	0	0	0	0	0	0	0	0	0
220	11	20	10	45	0	0	635	483	moveboxon	curl	3	3	0	0	0	0	0	0	0	0	0	0	0
221	12	1	10	225	-7.07109	-7.07104	465.859	720.375	moveboxon	curl	3	3	0	0	0	0	0	0	0	0	0	0	0
222	12	2	10	45	0	0	635	483	moveboxon	curl	3	3	0	0	0	0	0	0	0	0	0	0	0
223	12	3	10	135	-7.07105	7.07108	465.86	245.624	moveboxon	curl	3	3	0	0	0	0	0	0	0	0	0	0	0
224	12	4	10	135	0	0	635	483	moveboxon	curl	3	3	0	0	0	0	0	0	0	0	0	0	0
225	12	5	10	135	-7.07105	7.07108	465.86	245.624	moveboxon	curl	3	3	0	0	0	0	0	0	0	0	0	0	0
226	12	6	10	315	0	0	635	483	moveboxon	curl	3	3	0	0	0	0	0	0	0	0	0	0	0
227	12	7	10	45	7.07107	7.07106	804.14	245.624	moveboxon	curl	3	3	0	0	0	0	0	0	0	0	0	0	0
228	12	8	10	225	0	0	635	483	moveboxon	curl	3	3	0	0	0	0	0	0	0	0	0	0	0
229	12	9	10	315	7.07103	-7.0711	804.139	720.377	moveboxon	curl	3	3	0	0	0	0	0	0	0	0	0	0	0
230	12	10	10	45	0	0	635	483	moveboxon	curl	3	3	0	0	0	0	0	0	0	0	0	0	0
231	12	11	10	225	-7.07109	-7.07104	465.859	720.375	moveboxon	curl	3	3	0	0	0	0	0	0	0	0	0	0	0
232	12	12	10	315	0	0	635	483	moveboxon	curl	3	3	0	0	0	0	0	0	0	0	0	0	0
233	12	13	10	135	-7.07105	7.07108	465.86	245.624	moveboxon	curl	3	3	0	0	0	0	0	0	0	0	0	0	0
234	12	14	10	45	0	0	635	483	moveboxon	curl	3	3	0	0	0	0	0	0	0	0	0	0	0
235	12	15	10	135	-7.07105	7.07108	465.86	245.624	moveboxon	curl	3	3	0	0	0	0	0	0	0	0	0	0	0
236	12	16	10	45	0	0	635	483	moveboxon	curl	3	3	0	0	0	0	0	0	0	0	0	0	0
237	12	17	10	315	7.07103	-7.0711	804.139	720.377	moveboxon	curl	3	3	0	0	0	0	0	0	0	0	0	0	0
238	12	18	10	225	0	0	635	483	moveboxon	curl	3	3	0	0	0	0	0	0	0	0	0	0	0
239	12	19	10	315	7.07103	-7.0711	804.139	720.377	moveboxon	curl	3	3	0	0	0	0	0	0	0	0	0	0	0
240	12	20	10	225	0	0	635	483	moveboxon	curl	3	3	0	0	0	0	0	0	0	0	0	0	0
241	13	1	10	315	7.07103	-7.0711	804.139	720.377	moveboxon	curl	3	3	0	0	0	0	0	0	0	0	0	0	0
242	13	2	10	135	0	0	635	483	moveboxon	curl	3	3	0	0	0	0	0	0	0	0	0	0	0
243	13	3	10	45	7.07107	7.07106	804.14	245.624	moveboxon	curl	3	3	0	0	0	0	0	0	0	0	0	0	0
244	13	4	10	45	0	0	635	483	moveboxon	curl	3	3	0	0	0	0	0	0	0	0	0	0	0
245	13	5	10	135	-7.07105	7.07108	465.86	245.624	moveboxon	curl	3	3	0	0	0	0	0	0	0	0	0	0	0
246	13	6	10	315	0	0	635	483	moveboxon	curl	3	3	0	0	0	0	0	0	0	0	0	0	0
247	13	7	10	315	7.07103	-7.0711	804.139	720.377	moveboxon	curl	3	3	0	0	0	0	0	0	0	0	0	0	0
248	13	8	10	45	0	0	635	483	moveboxon	curl	3	3	0	0	0	0	0	0	0	0	0	0	0
249	13	9	10	45	7.07107	7.07106	804.14	245.624	moveboxon	curl	3	3	0	0	0	0	0	0	0	0	0	0	0
250	13	10	10	45	0	0	635	483	moveboxon	curl	3	3	0	0	0	0	0	0	0	0	0	0	0
251	13	11	10	135	-7.07105	7.07108	465.86	245.624	moveboxon	curl	3	3	0	0	0	0	0	0	0	0	0	0	0
252	13	12	10	225	0	0	635	483	moveboxon	curl	3	3	0	0	0	0	0	0	0	0	0	0	0
253	13	13	10	225	-7.07109	-7.07104	465.859	720.375	moveboxon	curl	3	3	0	0	0	0	0	0	0	0	0	0	0
254	13	14	10	225	0	0	635	483	moveboxon	curl	3	3	0	0	0	0	0	0	0	0	0	0	0
255	13	15	10	225	-7.07109	-7.07104	465.859	720.375	moveboxon	curl	3	3	0	0	0	0	0	0	0	0	0	0	0
256	13	16	10	315	0	0	635	483	moveboxon	curl	3	3	0	0	0	0	0	0	0	0	0	0	0
257	13	17	10	225	-7.07109	-7.07104	465.859	720.375	moveboxon	curl	3	3	0	0	0	0	0	0	0	0	0	0	0
258	13	18	10	135	0	0	635	483	moveboxon	curl	3	3	0	0	0	0	0	0	0	0	0	0	0
259	13	19	10	315	7.07103	-7.0711	804.139	720.377	moveboxon	curl	3	3	0	0	0	0	0	0	0	0	0	0	0
260	13	20	10	135	0	0	635	483	moveboxon	curl	3	3	0	0	0	0	0	0	0	0	0	0	0
261	14	1	10	225	-7.07109	-7.07104	465.859	720.375	moveboxon	curl	3	3	0	0	0	0	0	0	0	0	0	0	0
262	14	2	10	315	0	0	635	483	moveboxon	curl	3	3	0	0	0	0	0	0	0	0	0	0	0
263	14	3	10	135	-7.07105	7.07108	465.86	245.624	moveboxon	curl	3	3	0	0	0	0	0	0	0	0	0	0	0
264	14	4	10	135	0	0	635	483	moveboxon	curl	3	3	0	0	0	0	0	0	0	0	0	0	0
265	14	5	10	135	-7.07105	7.07108	465.86	245.624	moveboxon	curl	3	3	0	0	0	0	0	0	0	0	0	0	0
266	14	6	10	45	0	0	635	483	moveboxon	curl	3	3	0	0	0	0	0	0	0	0	0	0	0
267	14	7	10	225	-7.07109	-7.07104	465.859	720.375	moveboxon	curl	3	3	0	0	0	0	0	0	0	0	0	0	0
268	14	8	10	135	0	0	635	483	moveboxon	curl	3	3	0	0	0	0	0	0	0	0	0	0	0
269	14	9	10	45	7.07107	7.07106	804.14	245.624	moveboxon	curl	3	3	0	0	0	0	0	0	0	0	0	0	0
270	14	10	10	225	0	0	635	483	moveboxon	curl	3	3	0	0	0	0	0	0	0	0	0	0	0
271	14	11	10	315	7.07103	-7.0711	804.139	720.377	moveboxon	curl	3	3	0	0	0	0	0	0	0	0	0	0	0
272	14	12	10	135	0	0	635	483	moveboxon	curl	3	3	0	0	0	0	0	0	0	0	0	0	0
273	14	13	10	225	-7.07109	-7.07104	465.859	720.375	moveboxon	curl	3	3	0	0	0	0	0	0	0	0	0	0	0
274	14	14	10	315	0	0	635	483	moveboxon	curl	3	3	0	0	0	0	0	0	0	0	0	0	0
275	14	15	10	315	7.07103	-7.0711	804.139	720.377	moveboxon	curl	3	3	0	0	0	0	0	0	0	0	0	0	0
276	14	16	10	315	0	0	635	483	moveboxon	curl	3	3	0	0	0	0	0	0	0	0	0	0	0
277	14	17	10	45	7.07107	7.07106	804.14	245.624	moveboxon	curl	3	3	0	0	0	0	0	0	0	0	0	0	0
278	14	18	10	45	0	0	635	483	moveboxon	curl	3	3	0	0	0	0	0	0	0	0	0	0	0
279	14	19	10	45	7.07107	7.07106	804.14	245.624	moveboxon	curl	3	3	0	0	0	0	0	0	0	0	0	0	0
280	14	20	10	225	0	0	635	483	moveboxon	curl	3	3	0	0	0	0	0	0	0	0	0	0	0
281	15	1	10	225	-7.07109	-7.07104	465.859	720.375	moveboxon	curl	3	3	0	0	0	0	0	0	0	0	0	0	0
282	15	2	10	315	0	0	635	483	moveboxon	curl	3	3	0	0	0	0	0	0	0	0	0	0	0
283	15	3	10	45	7.07107	7.07106	804.14	245.624	moveboxon	curl	3	3	0	0	0	0	0	0	0	0	0	0	0
284	15	4	10	225	0	0	635	483	moveboxon	curl	3	3	0	0	0	0	0	0	0	0	0	0	0
285	15	5	10	135	-7.07105	7.07108	465.86	245.624	moveboxon	curl	3	3	0	0	0	0	0	0	0	0	0	0	0
286	15	6	10	45	0	0	635	483	moveboxon	curl	3	3	0	0	0	0	0	0	0	0	0	0	0
287	15	7	10	315	7.07103	-7.0711	804.139	720.377	moveboxon	curl	3	3	0	0	0	0	0	0	0	0	0	0	0
288	15	8	10	315	0	0	635	483	moveboxon	curl	3	3	0	0	0	0	0	0	0	0	0	0	0
289	15	9	10	315	7.07103	-7.0711	804.139	720.377	moveboxon	curl	3	3	0	0	0	0	0	0	0	0	0	0	0
290	15	10	10	45	0	0	635	483	moveboxon	curl	3	3	0	0	0	0	0	0	0	0	0	0	0
291	15	11	10	135	-7.07105	7.07108	465.86	245.624	moveboxon	curl	3	3	0	0	0	0	0	0	0	0	0	0	0
292	15	12	10	45	0	0	635	483	moveboxon	curl	3	3	0	0	0	0	0	0	0	0	0	0	0
293	15	13	10	135	-7.07105	7.07108	465.86	245.624	moveboxon	curl	3	3	0	0	0	0	0	0	0	0	0	0	0
294	15	14	10	135	0	0	635	483	moveboxon	curl	3	3	0	0	0	0	0	0	0	0	0	0	0
295	15	15	10	315	7.07103	-7.0711	804.139	720.377	moveboxon	curl	3	3	0	0	0	0	0	0	0	0	0	0	0
296	15	16	10	135	0	0	635	483	moveboxon	curl	3	3	0	0	0	0	0	0	0	0	0	0	0
297	15	17	10	225	-7.07109	-7.07104	465.859	720.375	moveboxon	curl	3	3	0	0	0	0	0	0	0	0	0	0	0
298	15	18	10	45	0	0	635	483	moveboxon	curl	3	3	0	0	0	0	0	0	0	0	0	0	0
299	15	19	10	225	-7.07109	-7.07104	465.859	720.375	moveboxon	curl	3	3	0	0	0	0	0	0	0	0	0	0	0
300	15	20	10	225	0	0	635	483	moveboxon	curl	3	3	0	0	0	0	0	0	0	0	0	0	0
301	16	1	10	315	7.07103	-7.0711	804.139	720.377	moveboxon	null	1	9	0	0	0	0	0	0	0	0	0	0	0
302	16	2	10	315	0	0	635	483	moveboxon	null	1	9	0	0	0	0	0	0	0	0	0	0	0
303	16	3	10	225	-7.07109	-7.07104	465.859	720.375	moveboxon	null	1	9	0	0	0	0	0	0	0	0	0	0	0
304	16	4	10	45	0	0	635	483	moveboxon	null	1	9	0	0	0	0	0	0	0	0	0	0	0
305	16	5	10	135	-7.07105	7.07108	465.86	245.624	moveboxon	null	1	9	0	0	0	0	0	0	0	0	0	0	0
306	16	6	10	45	0	0	635	483	moveboxon	null	1	9	0	0	0	0	0	0	0	0	0	0	0
307	16	7	10	135	-7.07105	7.07108	465.86	245.624	moveboxon	null	1	9	0	0	0	0	0	0	0	0	0	0	0
308	16	8	10	45	0	0	635	483	moveboxon	null	1	9	0	0	0	0	0	0	0	0	0	0	0
309	16	9	10	225	-7.07109	-7.07104	465.859	720.375	moveboxon	null	1	9	0	0	0	0	0	0	0	0	0	0	0
310	16	10	10	315	0	0	635	483	moveboxon	null	1	9	0	0	0	0	0	0	0	0	0	0	0
311	16	11	10	315	7.07103	-7.0711	804.139	720.377	moveboxon	null	1	9	0	0	0	0	0	0	0	0	0	0	0
312	16	12	10	45	0	0	635	483	moveboxon	null	1	9	0	0	0	0	0	0	0	0	0	0	0
313	16	13	10	135	-7.07105	7.07108	465.86	245.624	moveboxon	null	1	9	0	0	0	0	0	0	0	0	0	0	0
314	16	14	10	225	0	0	635	483	moveboxon	null	1	9	0	0	0	0	0	0	0	0	0	0	0
315	16	15	10	225	-7.07109	-7.07104	465.859	720.375	moveboxon	null	1	9	0	0	0	0	0	0	0	0	0	0	0
316	16	16	10	315	0	0	635	483	moveboxon	null	1	9	0	0	0	0	0	0	0	0	0	0	0
317	16	17	10	45	7.07107	7.07106	804.14	245.624	moveboxon	null	1	9	0	0	0	0	0	0	0	0	0	0	0
318	16	18	10	225	0	0	635	483	moveboxon	null	1	9	0	0	0	0	0	0	0	0	0	0	0
319	16	19	10	135	-7.07105	7.07108	465.86	245.624	moveboxon	null	1	9	0	0	0	0	0	0	0	0	0	0	0
320	16	20	10	135	0	0	635	483	moveboxon	null	1	9	0	0	0	0	0	0	0	0	0	0	0
321	17	1	10	135	-7.07105	7.07108	465.86	245.624	moveboxon	null	1	9	0	0	0	0	0	0	0	0	0	0	0
322	17	2	10	315	0	0	635	483	moveboxon	null	1	9	0	0	0	0	0	0	0	0	0	0	0
323	17	3	10	225	-7.07109	-7.07104	465.859	720.375	moveboxon	null	1	9	0	0	0	0	0	0	0	0	0	0	0
324	17	4	10	315	0	0	635	483	moveboxon	null	1	9	0	0	0	0	0	0	0	0	0	0	0
325	17	5	10	135	-7.07105	7.07108	465.86	245.624	moveboxon	null	1	9	0	0	0	0	0	0	0	0	0	0	0
326	17	6	10	135	0	0	635	483	moveboxon	null	1	9	0	0	0	0	0	0	0	0	0	0	0
327	17	7	10	315	7.07103	-7.0711	804.139	720.377	moveboxon	null	1	9	0	0	0	0	0	0	0	0	0	0	0
328	17	8	10	315	0	0	635	483	moveboxon	null	1	9	0	0	0	0	0	0	0	0	0	0	0
329	17	9	10	45	7.07107	7.07106	804.14	245.624	moveboxon	null	1	9	0	0	0	0	0	0	0	0	0	0	0
330	17	10	10	45	0	0	635	483	moveboxon	null	1	9	0	0	0	0	0	0	0	0	0	0	0
331	17	11	10	45	7.07107	7.07106	804.14	245.624	moveboxon	null	1	9	0	0	0	0	0	0	0	0	0	0	0
332	17	12	10	225	0	0	635	483	moveboxon	null	1	9	0	0	0	0	0	0	0	0	0	0	0
333	17	13	10	225	-7.07109	-7.07104	465.859	720.375	moveboxon	null	1	9	0	0	0	0	0	0	0	0	0	0	0
334	17	14	10	135	0	0	635	483	moveboxon	null	1	9	0	0	0	0	0	0	0	0	0	0	0
335	17	15	10	225	-7.07109	-7.07104	465.859	720.375	moveboxon	null	1	9	0	0	0	0	0	0	0	0	0	0	0
336	17	16	10	45	0	0	635	483	moveboxon	null	1	9	0	0	0	0	0	0	0	0	0	0	0
337	17	17	10	225	-7.07109	-7.07104	465.859	720.375	moveboxon	null	1	9	0	0	0	0	0	0	0	0	0	0	0
338	17	18	10	135	0	0	635	483	moveboxon	null	1	9	0	0	0	0	0	0	0	0	0	0	0
339	17	19	10	45	7.07107	7.07106	804.14	245.624	moveboxon	null	1	9	0	0	0	0	0	0	0	0	0	0	0
340	17	20	10	315	0	0	635	483	moveboxon	null	1	9	0	0	0	0	0	0	0	0	0	0	0
341	18	1	10	225	-7.07109	-7.07104	465.859	720.375	moveboxon	null	1	9	0	0	0	0	0	0	0	0	0	0	0
342	18	2	10	45	0	0	635	483	moveboxon	null	1	9	0	0	0	0	0	0	0	0	0	0	0
343	18	3	10	315	7.07103	-7.0711	804.139	720.377	moveboxon	null	1	9	0	0	0	0	0	0	0	0	0	0	0
344	18	4	10	135	0	0	635	483	moveboxon	null	1	9	0	0	0	0	0	0	0	0	0	0	0
345	18	5	10	315	7.07103	-7.0711	804.139	720.377	moveboxon	null	1	9	0	0	0	0	0	0	0	0	0	0	0
346	18	6	10	45	0	0	635	483	moveboxon	null	1	9	0	0	0	0	0	0	0	0	0	0	0
347	18	7	10	135	-7.07105	7.07108	465.86	245.624	moveboxon	null	1	9	0	0	0	0	0	0	0	0	0	0	0
348	18	8	10	315	0	0	635	483	moveboxon	null	1	9	0	0	0	0	0	0	0	0	0	0	0
349	18	9	10	225	-7.07109	-7.07104	465.859	720.375	moveboxon	null	1	9	0	0	0	0	0	0	0	0	0	0	0
350	18	10	10	225	0	0	635	483	moveboxon	null	1	9	0	0	0	0	0	0	0	0	0	0	0
351	18	11	10	225	-7.07109	-7.07104	465.859	720.375	moveboxon	null	1	9	0	0	0	0	0	0	0	0	0	0	0
352	18	12	10	45	0	0	635	483	moveboxon	null	1	9	0	0	0	0	0	0	0	0	0	0	0
353	18	13	10	315	7.07103	-7.0711	804.139	720.377	moveboxon	null	1	9	0	0	0	0	0	0	0	0	0	0	0
354	18	14	10	135	0	0	635	483	moveboxon	null	1	9	0	0	0	0	0	0	0	0	0	0	0
355	18	15	10	45	7.07107	7.07106	804.14	245.624	moveboxon	null	1	9	0	0	0	0	0	0	0	0	0	0	0
356	18	16	10	135	0	0	635	483	moveboxon	null	1	9	0	0	0	0	0	0	0	0	0	0	0
357	18	17	10	315	7.07103	-7.0711	804.139	720.377	moveboxon	null	1	9	0	0	0	0	0	0	0	0	0	0	0
358	18	18	10	225	0	0	635	483	moveboxon	null	1	9	0	0	0	0	0	0	0	0	0	0	0
359	18	19	10	135	-7.07105	7.07108	465.86	245.624	moveboxon	null	1	9	0	0	0	0	0	0	0	0	0	0	0
360	18	20	10	45	0	0	635	483	moveboxon	null	1	9	0	0	0	0	0	0	0	0	0	0	0
361	19	1	10	135	-7.07105	7.07108	465.86	245.624	moveboxon	null	1	9	0	0	0	0	0	0	0	0	0	0	0
362	19	2	10	315	0	0	635	483	moveboxon	null	1	9	0	0	0	0	0	0	0	0	0	0	0
363	19	3	10	45	7.07107	7.07106	804.14	245.624	moveboxon	null	1	9	0	0	0	0	0	0	0	0	0	0	0
364	19	4	10	45	0	0	635	483	moveboxon	null	1	9	0	0	0	0	0	0	0	0	0	0	0
365	19	5	10	45	7.07107	7.07106	804.14	245.624	moveboxon	null	1	9	0	0	0	0	0	0	0	0	0	0	0
366	19	6	10	315	0	0	635	483	moveboxon	null	1	9	0	0	0	0	0	0	0	0	0	0	0
367	19	7	10	225	-7.07109	-7.07104	465.859	720.375	moveboxon	null	1	9	0	0	0	0	0	0	0	0	0	0	0
368	19	8	10	135	0	0	635	483	moveboxon	null	1	9	0	0	0	0	0	0	0	0	0	0	0
369	19	9	10	315	7.07103	-7.0711	804.139	720.377	moveboxon	null	1	9	0	0	0	0	0	0	0	0	0	0	0
370	19	10	10	315	0	0	635	483	moveboxon	null	1	9	0	0	0	0	0	0	0	0	0	0	0
371	19	11	10	225	-7.07109	-7.07104	465.859	720.375	moveboxon	null	1	9	0	0	0	0	0	0	0	0	0	0	0
372	19	12	10	135	0	0	635	483	moveboxon	null	1	9	0	0	0	0	0	0	0	0	0	0	0
373	19	13	10	225	-7.07109	-7.07104	465.859	720.375	moveboxon	null	1	9	0	0	0	0	0	0	0	0	0	0	0
374	19	14	10	135	0	0	635	483	moveboxon	null	1	9	0	0	0	0	0	0	0	0	0	0	0
375	19	15	10	315	7.07103	-7.0711	804.139	720.377	moveboxon	null	1	9	0	0	0	0	0	0	0	0	0	0	0
376	19	16	10	45	0	0	635	483	moveboxon	null	1	9	0	0	0	0	0	0	0	0	0	0	0
377	19	17	10	45	7.07107	7.07106	804.14	245.624	moveboxon	null	1	9	0	0	0	0	0	0	0	0	0	0	0
378	19	18	10	225	0	0	635	483	moveboxon	null	1	9	0	0	0	0	0	0	0	0	0	0	0
379	19	19	10	225	-7.07109	-7.07104	465.859	720.375	moveboxon	null	1	9	0	0	0	0	0	0	0	0	0	0	0
380	19	20	10	135	0	0	635	483	moveboxon	null	1	9	0	0	0	0	0	0	0	0	0	0	0
381	20	1	10	135	-7.07105	7.07108	465.86	245.624	moveboxon	null	1	9	0	0	0	0	0	0	0	0	0	0	0
382	20	2	10	45	0	0	635	483	moveboxon	null	1	9	0	0	0	0	0	0	0	0	0	0	0
383	20	3	10	315	7.07103	-7.0711	804.139	720.377	moveboxon	null	1	9	0	0	0	0	0	0	0	0	0	0	0
384	20	4	10	135	0	0	635	483	moveboxon	null	1	9	0	0	0	0	0	0	0	0	0	0	0
385	20	5	10	225	-7.07109	-7.07104	465.859	720.375	moveboxon	null	1	9	0	0	0	0	0	0	0	0	0	0	0
386	20	6	10	225	0	0	635	483	moveboxon	null	1	9	0	0	0	0	0	0	0	0	0	0	0
387	20	7	10	45	7.07107	7.07106	804.14	245.624	moveboxon	null	1	9	0	0	0	0	0	0	0	0	0	0	0
388	20	8	10	315	0	0	635	483	moveboxon	null	1	9	0	0	0	0	0	0	0	0	0	0	0
389	20	9	10	135	-7.07105	7.07108	465.86	245.624	moveboxon	null	1	9	0	0	0	0	0	0	0	0	0	0	0
390	20	10	10	135	0	0	635	483	moveboxon	null	1	9	0	0	0	0	0	0	0	0	0	0	0
391	20	11	10	225	-7.07109	-7.07104	465.859	720.375	moveboxon	null	1	9	0	0	0	0	0	0	0	0	0	0	0
392	20	12	10	315	0	0	635	483	moveboxon	null	1	9	0	0	0	0	0	0	0	0	0	0	0
393	20	13	10	225	-7.07109	-7.07104	465.859	720.375	moveboxon	null	1	9	0	0	0	0	0	0	0	0	0	0	0
394	20	14	10	135	0	0	635	483	moveboxon	null	1	9	0	0	0	0	0	0	0	0	0	0	0
395	20	15	10	315	7.07103	-7.0711	804.139	720.377	moveboxon	null	1	9	0	0	0	0	0	0	0	0	0	0	0
396	20	16	10	315	0	0	635	483	moveboxon	null	1	9	0	0	0	0	0	0	0	0	0	0	0
397	20	17	10	225	-7.07109	-7.07104	465.859	720.375	moveboxon	null	1	9	0	0	0	0	0	0	0	0	0	0	0
398	20	18	10	45	0	0	635	483	moveboxon	null	1	9	0	0	0	0	0	0	0	0	0	0	0
399	20	19	10	45	7.07107	7.07106	804.14	245.624	moveboxon	null	1	9	0	0	0	0	0	0	0	0	0	0	0
400	20	20	10	45	0	0	635	483	moveboxon	null	1	9	0	0	0	0	0	0	0	0	0	0	0
